100
502141213
532554859
516347476
211635345
709260717
827836628
251534316
880937720
989970385
660057555
3619586
325444419
629923151
414905693
563756569
127216107
366331725
462775293
311474146
709691587
757338684
682929029
894728211
699958734
50306020
566868242
295498310
970056823
273102592
597348833
317609875
270889299
420924910
663169770
524024838
378619559
238936488
181801296
765507113
179185267
3064836
739577207
417152675
100763656
902702824
15117577
364183026
291015751
238402580
104797251
303746335
25515488
551574404
846497561
44597947
23017194
17294712
380807356
753943917
144910202
80007238
253340776
139130525
348000601
167452519
534316672
935470863
159559697
502679285
191969447
580944871
832190128
89816627
865795258
124605790
65640960
876066026
255147235
470994498
891837307
263292247
31354021
646412289
476799998
422315777
889328843
647585494
379406524
311029957
202020512
62098055
546968705
96810928
81286128
195174675
688580551
65204312
365092781
248520283
270342836